#PATH-POINTS-START Red Left AWP
-148.86,43.259,120,180
-148.86,41.259,120
-148.86,39.259,120
-148.86,37.259,120
-148.86,35.259,120
-148.86,33.259,120
-148.86,31.259,120
-148.86,29.259,120
-148.86,27.259,120
-148.86,25.259,120
-148.86,23.259,120
-148.86,21.259,120
-148.86,19.259,120
-148.86,17.259,120
-148.86,15.259,120
-148.86,13.259,120,242
-147.233,13.939,120
-145.458,14.862,120
-143.684,15.784,120
-141.909,16.707,120
-140.135,17.63,120
-138.361,18.552,120
-136.586,19.475,120
-134.812,20.398,120
-133.037,21.32,120
-131.263,22.243,120
-129.488,23.166,120
-127.714,24.088,120
-125.939,25.011,120
-124.165,25.933,120
-122.39,26.856,120
-120.616,27.779,120
-118.841,28.701,120
-117.067,29.624,120
-115.292,30.547,120
-113.518,31.469,120
-111.743,32.392,120
-109.969,33.315,120
-108.195,34.237,120
-106.42,35.16,120
-104.646,36.082,120
-102.871,37.005,120
-101.097,37.928,120
-99.322,38.85,120
-97.548,39.773,120
-95.773,40.696,120
-93.999,41.618,120
-92.224,42.541,120
-90.45,43.463,120
-88.675,44.386,120
-86.901,45.309,120
-85.126,46.231,120
-83.352,47.154,120
-81.577,48.077,120
-79.803,48.999,120
-78.029,49.922,120
-76.254,50.845,120
-74.48,51.767,120
-72.705,52.69,120
-70.931,53.614,120,242
-69.166,54.553,120
-67.4,55.492,120
-65.634,56.431,120
-63.868,57.37,120
-62.102,58.309,120
-60.336,59.248,120
-58.57,60.187,120
-56.804,61.126,120
-55.038,62.065,120
-53.273,63.004,120
-51.507,63.942,120
-49.741,64.881,120
-47.968,65.339,120,100
-46.052,64.784,120
-44.058,64.68,120
-42.089,65.008,120
-40.224,65.721,120
-38.508,66.743,120
-36.953,68,120
-35.554,69.427,120
-34.291,70.977,120
-33.148,72.618,120
-32.108,74.326,120
-31.159,76.086,120
-30.289,77.887,120
-29.487,79.719,120
-28.746,81.576,120
-28.058,83.454,120
-27.42,85.35,120
-26.824,87.259,120
-26.268,89.18,120
-25.746,91.111,120
-25.26,93.05,120
-24.801,94.997,120
-24.371,96.95,120
-23.967,98.909,120
-23.587,100.873,120
-23.228,102.84,120
-22.89,104.811,120
-22.572,106.786,120
-22.272,108.763,120
-21.99,110.743,120
-21.724,112.725,120
-21.474,114.71,120
-21.238,116.696,120
-21.017,118.684,120
-20.808,120.673,120
-20.612,122.663,120
-20.428,124.655,120
-20.255,126.647,120
-20.093,128.64,120
-19.942,130.635,120
-19.802,132.63,120
-19.671,134.625,120
-19.548,136.622,120
-19.434,138.618,120
-19.331,140.616,120
-19.236,142.613,120,5
-19.236,143.598,120
-19.506,141.616,120
-19.775,139.634,120
-20.045,137.653,120
-20.314,135.671,120
-20.584,133.689,120
-20.853,131.707,120
-21.123,129.726,120
-21.392,127.744,120
-21.662,125.762,120
-21.931,123.78,120
-22.201,121.799,120
-22.47,119.817,120
-22.74,117.835,120
-23.009,115.853,120
-23.279,113.872,120
-23.548,111.89,120
-23.818,109.908,120
-24.087,107.926,120
-24.357,105.945,120
-24.626,103.963,120
-24.896,101.981,120
-25.166,99.999,120
-25.435,98.018,120
-25.705,96.036,120
-25.974,94.054,120
-26.244,92.072,120
-26.513,90.091,120
-26.783,88.109,120
-27.052,86.127,120
-27.683,85.264,120,315
-29.061,86.713,120
-30.438,88.163,120
-31.816,89.613,120
-33.194,91.062,120
-34.572,92.512,120
-35.95,93.962,120
-37.327,95.412,120
-38.705,96.861,120
-40.083,98.311,120
-41.461,99.761,120
-42.838,101.211,120
-44.216,102.66,120
-45.594,104.11,120
-46.972,105.56,120
-48.35,107.01,120
-49.727,108.459,120
-51.105,109.909,120
-52.483,111.359,120
-53.861,112.808,120
-55.238,114.258,120
-56.616,115.708,120
-57.994,117.158,120
-59.372,118.607,120
-60.75,120.057,120
-62.127,121.507,120
-63.505,122.957,120
-64.902,124.376,120,285
-66.801,125.004,120
-68.699,125.633,120
-70.598,126.262,120
-72.497,126.89,120
-74.396,127.519,120
-76.294,128.147,120
-78.193,128.776,120
-80.092,129.404,120
-81.99,130.033,120
-83.889,130.661,120
-85.788,131.289,120
-87.686,131.918,120
-89.585,132.546,120
-91.484,133.175,120
-93.382,133.803,120
-95.281,134.432,120
-97.18,135.06,120
-99.078,135.689,120
-100.977,136.317,120
-102.876,136.946,120
-104.775,137.574,120
-106.673,138.203,120
-108.572,138.831,120
-110.471,139.46,120
-112.369,140.088,120
-114.268,140.717,120
-116.167,141.345,120
-118.065,141.974,120
-119.964,142.602,120
-121.863,143.231,120
-123.761,143.859,120
-125.66,144.487,120
-127.559,145.116,120
-129.457,145.744,120
-131.356,146.373,120
-133.255,147.001,120
-135.154,147.63,120
-137.052,148.258,120
-138.951,148.887,120
-140.85,149.515,120
-142.748,150.144,120
-144.647,150.772,120
-146.546,151.401,120
-148.444,152.029,120
-150.126,152.367,120,170
-149.975,150.373,120
-149.733,148.388,120
-149.426,146.412,120
-149.063,144.445,120
-148.651,142.488,120
-148.194,140.541,120
-147.693,138.605,120
-147.152,136.68,120
-146.572,134.765,120
-145.956,132.863,120
-145.306,130.971,120
-144.621,129.092,120
-143.905,127.225,120
-143.157,125.37,120
-142.379,123.528,120
-141.571,121.698,120
-140.735,119.881,120
-139.871,118.077,120
-138.98,116.287,120
-138.063,114.51,120
-137.121,112.745,120
-136.155,110.995,120
-135.162,109.258,120
-134.146,107.535,120
-133.108,105.826,120
-132.048,104.13,120
-130.966,102.448,120
-129.863,100.78,120
-128.739,99.126,120
-127.595,97.485,120
-126.431,95.859,120
-125.247,94.247,120
-124.045,92.648,120
-122.825,91.063,120
-121.587,89.493,120
-120.332,87.936,120
-119.06,86.392,120
-117.772,84.862,120
-116.468,83.346,120
-115.147,81.844,120
-113.81,80.357,120
-112.458,78.883,120
-111.093,77.422,120
-109.713,75.973,120
-108.321,74.538,120
-106.913,73.118,120
-105.491,71.711,120
-104.058,70.316,120
-102.612,68.934,120
-101.155,67.564,120
-99.683,66.21,120
-98.2,64.868,120
-96.708,63.537,120
-95.204,62.218,120
-93.687,60.915,120
-92.161,59.623,120
-90.626,58.34,120
-89.078,57.074,120
-87.521,55.819,120
-85.956,54.573,120
-84.379,53.343,120
-82.794,52.123,120
-81.202,50.913,120
-79.598,49.718,120
-77.987,48.533,120
-76.369,47.357,120
-74.74,46.197,120
-73.105,45.046,120
-71.463,43.904,120
-69.81,42.778,120
-68.153,41.658,120
-66.487,40.551,120
-64.814,39.455,120
-63.136,38.367,120
-61.448,37.294,120
-59.757,36.227,120
-58.056,35.174,120
-56.351,34.129,120
-54.64,33.094,120
-52.921,32.071,120
-51.199,31.053,120
-49.468,30.052,120
-47.735,29.054,120
-45.993,28.071,120
-44.248,27.093,120
-42.497,26.128,120
-40.741,25.171,120
-38.98,24.223,120
-37.214,23.284,120,0
-34.759,21.995,120
-34.759,21.995,0,0
#PATH.JERRYIO-DATA {"appVersion":"0.8.3","format":"path.jerryio v0.1","gc":{"robotWidth":15,"robotHeight":17,"robotIsHolonomic":false,"showRobot":true,"uol":2.54,"pointDensity":0.7874015748031495,"controlMagnetDistance":1.968503937007874,"fieldImage":{"displayName":"V5RC 2025 - High Stakes","signature":"V5RC 2025 - High Stakes","origin":{"__type":"built-in"}},"coordinateSystem":"VEX Gaming Positioning System"},"paths":[{"segments":[{"controls":[{"uid":"U38swmVT8Q","x":-58.606458362540664,"y":17.030973154662924,"lock":false,"visible":true,"heading":180,"__type":"end-point"},{"uid":"2A1VBm0vla","x":-58.606458362540664,"y":5.1547306329907965,"lock":false,"visible":true,"heading":242,"__type":"end-point"}],"speedProfiles":[],"lookaheadKeyframes":[],"uid":"IeVSnvQlYe"},{"controls":[{"uid":"2A1VBm0vla","x":-58.606458362540664,"y":5.1547306329907965,"lock":false,"visible":true,"heading":242,"__type":"end-point"},{"uid":"VlwJq9ypzz","x":-58.60645836254066,"y":5.154730632990796,"lock":false,"visible":true,"__type":"control"},{"uid":"W6jQHPTpqq","x":-27.995273185520784,"y":21.070957130045937,"lock":false,"visible":true,"__type":"control"},{"uid":"Dn3Q3I4Aj7","x":-27.995273185520784,"y":21.070957130045937,"lock":false,"visible":true,"heading":242,"__type":"end-point"}],"speedProfiles":[],"lookaheadKeyframes":[],"uid":"jvAp59243d"},{"controls":[{"uid":"Dn3Q3I4Aj7","x":-27.995273185520784,"y":21.070957130045937,"lock":false,"visible":true,"heading":242,"__type":"end-point"},{"uid":"ZkYyg0pRI6","x":-27.995273185520784,"y":21.070957130045937,"lock":false,"visible":true,"__type":"control"},{"uid":"UURGQhSweh","x":-19.071146190062123,"y":25.815999622876124,"lock":false,"visible":true,"__type":"control"},{"uid":"kS2mk8IdxW","x":-19.071146190062123,"y":25.815999622876124,"lock":false,"visible":true,"heading":100,"__type":"end-point"}],"speedProfiles":[],"lookaheadKeyframes":[],"uid":"Qg2gGtNx6p"},{"controls":[{"uid":"kS2mk8IdxW","x":-19.071146190062123,"y":25.815999622876124,"lock":false,"visible":true,"heading":100,"__type":"end-point"},{"uid":"NQarDURl6o","x":-19.071146190062123,"y":25.815999622876124,"lock":false,"visible":true,"__type":"control"},{"uid":"Cs8diDaGKx","x":-9.134111414814692,"y":19.838755713040147,"lock":false,"visible":true,"__type":"control"},{"uid":"elFZ626FGw","x":-7.546244416394968,"y":56.73331244102783,"lock":false,"visible":true,"heading":5,"__type":"end-point"}],"speedProfiles":[],"lookaheadKeyframes":[],"uid":"mdfeuMGM9B"},{"controls":[{"uid":"elFZ626FGw","x":-7.546244416394968,"y":56.73331244102783,"lock":false,"visible":true,"heading":5,"__type":"end-point"},{"uid":"WSFt3ez07m","x":-7.546244416394967,"y":56.73331244102783,"lock":false,"visible":true,"__type":"control"},{"uid":"6eGRSFMFUt","x":-10.721978413234417,"y":33.382327170149544,"lock":false,"visible":true,"__type":"control"},{"uid":"QBhnke9FsK","x":-10.721978413234416,"y":33.382327170149544,"lock":false,"visible":true,"heading":315,"__type":"end-point"}],"speedProfiles":[],"lookaheadKeyframes":[],"uid":"kWbhnEduDs"},{"controls":[{"uid":"QBhnke9FsK","x":-10.721978413234416,"y":33.382327170149544,"lock":false,"visible":true,"heading":315,"__type":"end-point"},{"uid":"hNEyH6tBJV","x":-10.721978413234414,"y":33.382327170149544,"lock":false,"visible":true,"__type":"control"},{"uid":"4Sxf5UHLCD","x":-25.52398328971179,"y":48.95720009409284,"lock":false,"visible":true,"__type":"control"},{"uid":"95Ju4TwHp1","x":-25.52409834242947,"y":48.957606001296206,"lock":false,"visible":true,"heading":285,"__type":"end-point"}],"speedProfiles":[],"lookaheadKeyframes":[],"uid":"3HyuTsPuUk"},{"controls":[{"uid":"95Ju4TwHp1","x":-25.52409834242947,"y":48.957606001296206,"lock":false,"visible":true,"heading":285,"__type":"end-point"},{"uid":"zvAHDd0Dlr","x":-25.524213395147147,"y":48.95801190849957,"lock":false,"visible":true,"__type":"control"},{"uid":"RefDQ5D0ks","x":-59.107604564331005,"y":60.074046757992406,"lock":false,"visible":true,"__type":"control"},{"uid":"EcXjcU5B2z","x":-59.107604564331005,"y":60.0740467579924,"lock":false,"visible":true,"heading":170,"__type":"end-point"}],"speedProfiles":[],"lookaheadKeyframes":[],"uid":"yG9yaMlaf3"},{"controls":[{"uid":"EcXjcU5B2z","x":-59.107604564331005,"y":60.0740467579924,"lock":false,"visible":true,"heading":170,"__type":"end-point"},{"uid":"5XYKYdFtOT","x":-59.107604564331005,"y":60.07404675799239,"lock":false,"visible":true,"__type":"control"},{"uid":"YmDA0yp0PR","x":-58.721027686866435,"y":32.0472231418119,"lock":false,"visible":true,"__type":"control"},{"uid":"oYMBFZ63em","x":-13.684821462245374,"y":8.659322055206113,"lock":false,"visible":true,"heading":0,"__type":"end-point"}],"speedProfiles":[],"lookaheadKeyframes":[],"uid":"KkPBAuAyX2"}],"pc":{"speedLimit":{"minLimit":{"value":0,"label":"0"},"maxLimit":{"value":600,"label":"600"},"step":1,"from":40,"to":120},"bentRateApplicableRange":{"minLimit":{"value":0,"label":"0"},"maxLimit":{"value":1,"label":"1"},"step":0.001,"from":0,"to":0.1}},"name":"Red Left AWP","uid":"sFOXvgnkBZ","lock":false,"visible":true}]}